Page                     Page Rank                No. of Outlinks          No. of Inlinks           
WT21-B37-76              0.002694472192821473     5                        2568                     
WT21-B37-75              0.001533177862855845     1                        1704                     
WT25-B39-116             0.00146850579662074      1                        169                      
WT23-B21-53              0.0013735300824350163    1                        198                      
WT24-B26-10              0.0012761905000566102    1                        291                      
WT24-B40-171             0.0012452395797638495    209                      270                      
WT23-B39-340             0.0012428403825888571    395                      274                      
WT23-B37-134             0.0012054249619900756    2                        207                      
WT08-B18-400             0.0011447767580613625    0                        990                      
WT13-B06-284             0.0011365537349822697    2                        454                      
WT13-B06-273             0.0010549206571305286    11                       452                      
WT01-B18-225             0.0009553815023969661    0                        1137                     
WT04-B27-720             0.000940959307140574     27                       291                      
WT24-B26-46              0.0008622341748462106    3                        179                      
WT23-B19-156             0.0008250688886104055    12                       364                      
WT04-B30-12              0.0008166221014855997    8                        241                      
WT25-B15-307             0.0007972232054795371    8                        605                      
WT07-B18-256             0.0007749863183362082    169                      169                      
WT24-B40-167             0.0007075926906185254    152                      153                      
WT14-B03-220             0.0006988523521051157    162                      163                      
WT18-B31-240             0.0006942222412473176    31                       259                      
WT14-B03-227             0.000685264330905691     147                      148                      
WT04-B40-202             0.0006846776005799299    36                       322                      
WT08-B19-222             0.0006495322976686869    1                        1041                     
WT23-B20-363             0.0006396312842787292    193                      181                      
WT27-B28-203             0.0006270792064078228    2                        589                      
WT13-B39-295             0.0006215362912326121    19                       443                      
WT13-B15-160             0.0006198583337838075    0                        484                      
WT12-B30-56              0.0006024568882812263    7                        174                      
WT10-B02-288             0.0005844499755885852    18                       193                      
WT14-B36-337             0.0005617088922018439    5                        417                      
WT21-B40-37              0.0005471874536775314    0                        201                      
WT21-B35-155             0.0005456982810309237    7                        174                      
WT23-B01-40              0.0005408495851816501    39                       147                      
WT08-B08-60              0.0005361199215914048    39                       175                      
WT22-B38-403             0.0005335774773715933    27                       273                      
WT13-B39-321             0.0005328919518072519    19                       52                       
WT04-B22-268             0.000532843964966692     109                      113                      
WT14-B02-400             0.0005327635697798762    114                      115                      
WT18-B14-66              0.0005295564581253644    135                      150                      
WT06-B14-69              0.0005191635431572923    1                        57                       
WT23-B38-120             0.0005186640367361961    395                      116                      
WT06-B35-151             0.0005169272027790603    11                       255                      
WT10-B33-300             0.0005167737785520301    0                        406                      
WT14-B36-323             0.0005158634151509794    13                       368                      
WT14-B36-334             0.0005158634151509794    6                        368                      
WT14-B36-335             0.0005158634151509794    6                        368                      
WT14-B36-336             0.0005158634151509794    5                        368                      
WT06-B35-161             0.00051502124241363      11                       253                      
WT27-B20-494             0.0005144777403579519    15                       121                      
WT23-B38-87              0.0005138122609611585    1                        1                        
WT27-B34-57              0.0005064135156940103    623                      630                      
WT27-B32-30              0.0005006797843586206    0                        628                      
WT04-B40-238             0.0004983037841321836    21                       311                      
WT23-B27-31              0.0004944024771826539    42                       194                      
WT07-B15-48              0.0004893737342269261    12                       235                      
WT21-B40-442             0.00048620081151133946   0                        4                        
WT11-B02-164             0.00048319096634936206   20                       183                      
WT21-B37-70              0.0004762757734344306    25                       3                        
WT21-B37-72              0.0004756082093806452    2                        2                        
WT22-B14-357             0.0004746038615294923    7                        280                      
WT04-B34-218             0.00046287707568455063   24                       141                      
WT14-B03-221             0.00046232962010149634   104                      105                      
WT12-B09-105             0.0004504806880813905    500                      234                      
WT15-B07-95              0.00044012912878424405   18                       205                      
WT21-B03-285             0.0004220365111307438    15                       189                      
WT18-B28-345             0.0004213559565402524    30                       250                      
WT27-B28-177             0.0004195033177988575    20                       461                      
WT11-B19-232             0.0004164493284148606    9                        161                      
WT11-B19-250             0.0004156046212993896    2                        160                      
WT20-B39-148             0.0004134337492987447    8                        168                      
WT25-B31-102             0.0004089265367523322    90                       90                       
WT23-B23-51              0.00040283640527531207   136                      400                      
WT21-B01-46              0.00039403436527585023   6                        154                      
WT14-B14-78              0.00039194540605504537   1                        64                       
WT06-B09-17              0.0003894378285755673    94                       101                      
WT23-B27-29              0.0003854903671711772    0                        388                      
WT06-B14-163             0.000374987965726815     1                        44                       
WT10-B30-205             0.00037275691668232436   10                       157                      
WT12-B37-314             0.0003724025568816405    1                        45                       
WT13-B02-184             0.0003711946958788486    20                       159                      
WT13-B16-437             0.0003701764194864414    12                       291                      
WT08-B24-319             0.0003691044302275444    1                        287                      
WT12-B34-116             0.00036887602396063884   4                        178                      
WT24-B26-2               0.0003680174625157596    2                        320                      
WT25-B17-38              0.0003641567502482521    43                       161                      
WT20-B03-150             0.00036290675017463576   33                       145                      
WT14-B04-105             0.0003597811963537459    78                       79                       
WT07-B23-234             0.00035681846492271536   21                       234                      
WT14-B14-85              0.0003549254412407146    1                        4                        
WT22-B14-364             0.000351641837549749     13                       189                      
WT16-B01-282             0.0003486853976094931    12                       58                       
WT18-B14-71              0.00034787265172880216   89                       100                      
WT13-B16-450             0.0003461793888281452    11                       291                      
WT25-B23-127             0.00034601249040186314   328                      169                      
WT09-B39-178             0.0003456351127030025    7                        77                       
WT12-B17-278             0.0003450698135213749    23                       78                       
WT13-B30-412             0.0003447564367085566    74                       75                       
WT21-B40-447             0.0003426363594194897    15                       779                      
WT23-B30-88              0.0003392176811789172    10                       477                      
WT04-B29-48              0.0003378052628674116    68                       68                       
WT13-B30-408             0.0003362137011487162    51                       114                      
WT18-B31-187             0.00033410067793350907   19                       159                      
WT08-B24-317             0.00033176831466294026   1                        2                        
WT07-B14-24              0.0003293480840148977    70                       70                       
WT11-B13-4               0.0003272023297817017    1                        40                       
WT12-B40-248             0.0003271656447069514    3                        357                      
WT24-B33-59              0.00032589022089509975   56                       53                       
WT13-B25-82              0.00032407757324948774   137                      146                      
WT18-B14-62              0.0003231773158811242    57                       76                       
WT06-B39-355             0.0003224301393144141    7                        178                      
WT13-B16-460             0.0003201409788900385    10                       199                      
WT18-B14-68              0.00031852508535458354   74                       81                       
WT26-B25-680             0.0003175107472360378    2                        81                       
WT15-B01-16              0.00031744366390519866   1                        37                       
WT25-B31-56              0.00031731706233268904   73                       72                       
WT26-B22-336             0.0003172292889372379    9                        164                      
WT23-B18-180             0.0003171111158622464    44                       74                       
WT26-B25-679             0.0003158325140756521    2                        80                       
WT04-B33-221             0.00031556495239996613   17                       81                       
WT04-B38-204             0.00031531599903683697   11                       281                      
WT25-B19-180             0.00031394054638719826   8                        8                        
WT17-B29-66              0.00031150013154650246   5                        175                      
WT17-B29-69              0.00031150013154650246   5                        175                      
WT17-B29-70              0.00031150013154650246   5                        175                      
WT27-B19-302             0.0003113234708198985    9                        213                      
WT17-B29-67              0.000311070618111948     7                        172                      
WT17-B29-68              0.00031051428661236076   5                        172                      
WT09-B28-263             0.0003097964295685415    0                        258                      
WT24-B11-329             0.0003094007670239608    52                       53                       
WT07-B14-20              0.0003015836953093069    64                       64                       
WT05-B09-121             0.000301187569765973     1                        34                       
WT01-B11-115             0.0003011581365244494    10                       73                       
WT08-B02-134             0.00030094517369489565   75                       74                       
WT04-B30-256             0.00029682226503613266   9                        301                      
WT18-B18-148             0.0002948809663714872    11                       165                      
WT13-B30-405             0.0002940264034962375    20                       186                      
WT07-B14-25              0.00029232889907411064   62                       62                       
WT18-B40-82              0.0002910897473036556    0                        576                      
WT12-B40-235             0.0002906770329188534    12                       355                      
WT13-B16-451             0.00029059448401436383   3                        291                      
WT02-B03-141             0.00028633861872025035   53                       54                       
WT08-B24-320             0.0002847907688469429    0                        2                        
WT10-B14-65              0.0002838506209120697    2                        87                       
WT27-B25-363             0.00028273489197271203   1                        37                       
WT15-B34-52              0.00028250776108648006   14                       264                      
WT27-B28-200             0.000282303763841343     1                        4                        
WT04-B38-159             0.0002813413296843562    36                       254                      
WT18-B38-25              0.00028051590253976797   1                        155                      
WT24-B26-381             0.00027902978399916173   10                       4                        
WT15-B34-57              0.0002774796141625871    6                        264                      
WT19-B34-131             0.00027682300088830396   2                        134                      
WT12-B33-212             0.0002753406266065111    0                        209                      
WT15-B34-56              0.0002740369515364741    4                        264                      
WT01-B01-33              0.00027397450924178065   11                       122                      
WT25-B29-410             0.00027351113436460423   2                        113                      
WT27-B28-171             0.00027336677205108353   26                       3                        
WT24-B02-93              0.00027210052915941014   77                       76                       
WT23-B27-41              0.00027196070234720364   1                        193                      
WT15-B34-58              0.0002711439962152938    4                        263                      
WT13-B34-124             0.0002685869082456198    4                        93                       
WT16-B27-21              0.0002678086844442079    56                       58                       
WT07-B11-415             0.0002661241220836098    55                       55                       
WT02-B16-121             0.00026585365181970734   2                        107                      
WT02-B16-122             0.00026585365181970734   3                        107                      
WT24-B26-382             0.00026554699379492566   5                        3                        
WT10-B39-186             0.00026519075305391713   9                        97                       
WT02-B29-123             0.00026160539352888454   10                       184                      
WT02-B29-124             0.00026160539352888454   5                        184                      
WT02-B29-125             0.00026160539352888454   3                        184                      
WT12-B17-36              0.00026089873163400037   0                        213                      
WT02-B28-19              0.0002600082811280115    10                       183                      
WT02-B28-20              0.0002600082811280115    5                        183                      
WT02-B28-21              0.0002600082811280115    3                        183                      
WT13-B14-26              0.0002596888635985966    10                       137                      
WT13-B25-53              0.00025860459987553695   19                       69                       
WT27-B27-452             0.00025846299578995824   18                       142                      
WT17-B22-102             0.0002579129109373461    1                        19                       
WT27-B04-182             0.000257033381845248     17                       152                      
WT11-B06-41              0.00025595356817394155   1                        95                       
WT07-B17-219             0.00025215427010080163   4                        79                       
WT04-B38-150             0.0002518618238972036    6                        229                      
WT18-B39-107             0.00024841743168941654   6                        124                      
WT18-B24-215             0.00024716552621182827   9                        77                       
WT14-B20-107             0.00024681402336173896   4                        94                       
WT13-B16-438             0.0002462698033677804    10                       198                      
WT27-B04-181             0.00024388941495641703   3                        208                      
WT13-B16-461             0.000243756453894654     2                        199                      
WT07-B40-402             0.00024329998281124495   1                        52                       
WT12-B24-131             0.00024296106278548052   16                       84                       
WT24-B12-246             0.00024278450273213095   51                       54                       
WT24-B28-186             0.0002424169322455268    34                       154                      
WT24-B13-88              0.00024162008359091344   51                       52                       
WT27-B29-141             0.00024146508689475442   0                        1                        
WT20-B02-231             0.00024050077085425707   11                       107                      
WT18-B38-24              0.00023994543445063322   13                       1                        
WT19-B34-114             0.0002361507841652633    14                       78                       
WT07-B22-386             0.00023484304473283507   8                        114                      
WT12-B12-11              0.00023394705543967783   80                       73                       
WT12-B40-254             0.00023265032614042748   17                       334                      
WT07-B14-21              0.00023217272354533118   49                       49                       
WT07-B02-55              0.00023206992807447462   5                        266                      
WT06-B14-159             0.00023205533748579623   1                        27                       
WT02-B15-103             0.00023160991198774425   45                       110                      
WT22-B07-427             0.0002315067042876903    140                      108                      
WT14-B02-106             0.0002312287255586903    10                       89                       
WT04-B35-13              0.0002311660463148882    1                        130                      
WT27-B25-361             0.0002307454159203424    214                      118                      
WT22-B07-425             0.00023055631038312754   2                        144                      
WT08-B09-307             0.00023028454281065656   6                        240                      
WT14-B12-412             0.0002279526742432222    1                        10                       
WT24-B18-75              0.0002272497025911273    7                        91                       
WT05-B15-106             0.00022461562575676932   37                       39                       
WT12-B17-270             0.00022431946747824004   8                        183                      
WT08-B09-311             0.00022389133561890212   187                      232                      
WT13-B31-359             0.00022077794321879725   53                       53                       
WT11-B06-47              0.00022057923868817387   7                        3                        
WT10-B14-91              0.0002189980227881141    1                        88                       
WT01-B01-261             0.00021722329528225866   2                        76                       
WT24-B28-188             0.00021648664217268875   5                        166                      
WT01-B01-252             0.0002161747676120582    9                        76                       
WT02-B28-217             0.00021566204135160024   9                        162                      
WT02-B28-218             0.00021566204135160024   4                        162                      
WT02-B28-219             0.00021566204135160024   6                        162                      
WT02-B28-220             0.00021566204135160024   4                        162                      
WT23-B30-103             0.00021531908945716293   7                        58                       
WT02-B28-264             0.00021507879215556996   9                        163                      
WT02-B28-265             0.00021507879215556996   4                        163                      
WT02-B28-266             0.00021507879215556996   6                        163                      
WT02-B28-267             0.00021507879215556996   4                        163                      
WT23-B30-98              0.00021391896227856245   8                        155                      
WT25-B13-353             0.00021251302218241433   1                        40                       
WT12-B30-421             0.00021250066223786054   12                       109                      
WT26-B22-334             0.00021191945940265706   7                        11                       
WT15-B34-80              0.00021166400954390554   4                        133                      
WT08-B01-1               0.00021050625003785235   1                        3                        
WT14-B25-212             0.0002097351324813341    44                       45                       
WT15-B37-80              0.00020970337525624716   44                       45                       
WT15-B34-82              0.0002091880976732974    4                        132                      
WT24-B23-99              0.00020907037127294124   44                       46                       
WT24-B28-187             0.0002088984467782231    4                        166                      
WT24-B28-189             0.000208898446778223     4                        166                      
WT10-B35-224             0.00020841864245668815   23                       102                      
WT15-B34-81              0.00020822134691779248   6                        133                      
WT24-B04-120             0.00020632911812027392   7                        86                       
WT18-B36-78              0.0002055790715502957    15                       116                      
WT13-B06-280             0.00020520103323552595   2                        273                      
WT24-B28-190             0.0002049608274757436    4                        155                      
WT23-B30-105             0.00020470556088238783   64                       379                      
WT04-B18-119             0.0002045653850401452    1                        35                       
WT10-B14-735             0.00020418835557450528   0                        2                        
WT08-B31-104             0.0002037773379374316    42                       42                       
WT15-B34-53              0.00020362595375754012   14                       134                      
WT12-B17-255             0.0002025459976684044    23                       194                      
WT23-B18-107             0.00020250003554133153   2                        136                      
WT10-B36-88              0.0002022763355979118    3                        102                      
WT27-B21-1               0.00020115074493324395   44                       45                       
WT25-B13-334             0.00020056567627567255   64                       64                       
WT02-B03-137             0.0002005610883895391    17                       138                      
WT23-B20-268             0.00020049553913524453   22                       18                       
WT27-B25-360             0.00019995134169039126   59                       33                       
WT08-B09-310             0.00019956677183376179   0                        233                      
WT17-B12-3               0.00019928008230134188   41                       42                       
WT25-B01-250             0.00019856901482155154   41                       42                       
WT07-B02-9               0.00019627443902749453   18                       254                      
WT27-B07-331             0.00019542799459910088   19                       75                       
WT24-B02-91              0.00019487531901402836   58                       57                       
WT22-B07-426             0.00019285912016108709   36                       38                       
WT14-B13-292             0.00019107425074567393   37                       114                      
WT12-B24-142             0.00019103362527359702   40                       41                       
WT04-B29-34              0.00018918446588852934   15                       98                       
WT24-B09-109             0.00018886406919722964   8                        96                       
WT16-B27-59              0.00018768295661986478   7                        109                      
WT24-B02-98              0.0001869237686860181    56                       55                       
WT03-B24-155             0.00018628644794655262   8                        79                       
WT12-B40-13              0.0001855725291011956    11                       209                      
WT07-B40-281             0.0001852477641069631    7                        45                       
WT25-B13-354             0.00018494596881647737   1                        35                       
WT07-B23-109             0.00018420767100414028   4                        38                       
WT10-B33-180             0.00018201585125303773   7                        75                       
WT03-B23-47              0.0001819798197496228    18                       65                       
WT22-B11-415             0.0001818300850710341    11                       67                       
WT27-B19-54              0.0001812485007621874    5                        138                      
WT23-B33-14              0.00018056838811376274   7                        90                       
WT24-B26-3               0.00018049746090935658   3                        173                      
WT21-B37-71              0.00018022476414164236   23                       560                      
WT23-B14-50              0.00017990799361287265   12                       185                      
WT23-B14-51              0.00017990799361287265   7                        185                      
WT23-B14-53              0.00017990799361287265   8                        185                      
WT23-B14-55              0.00017990799361287265   43                       185                      
WT23-B14-56              0.00017990799361287265   7                        185                      
WT25-B17-39              0.0001791490879572335    40                       126                      
WT18-B26-434             0.00017885633053624334   62                       64                       
WT27-B34-206             0.0001779071368464741    0                        192                      
WT02-B28-270             0.00017695199802230044   6                        126                      
WT02-B28-271             0.00017695199802230044   5                        126                      
WT02-B28-272             0.00017695199802230044   6                        126                      
WT02-B28-273             0.00017695199802230044   4                        126                      
WT23-B14-52              0.0001768495942957921    8                        183                      
WT23-B14-54              0.0001768495942957921    11                       183                      
WT02-B28-216             0.00017664677146280258   6                        125                      
WT02-B28-224             0.00017664677146280258   5                        125                      
WT02-B28-225             0.00017664677146280258   6                        125                      
WT02-B28-226             0.00017664677146280258   4                        125                      
WT07-B14-22              0.00017664394613415012   37                       37                       
WT10-B17-351             0.00017594242653992993   34                       35                       
WT07-B17-239             0.00017586077854783402   12                       37                       
WT13-B27-94              0.00017584514992672      61                       69                       
WT27-B38-273             0.0001754576052964985    10                       123                      
WT27-B38-275             0.0001754576052964985    5                        123                      
WT17-B34-498             0.00017444404526860004   21                       356                      
WT17-B34-499             0.00017444404526860004   55                       356                      
WT17-B34-500             0.00017444404526860004   52                       356                      
WT17-B34-501             0.00017444404526860004   14                       356                      
WT17-B34-502             0.00017444404526860004   17                       356                      
WT17-B34-503             0.00017444404526860004   35                       356                      
WT17-B34-504             0.00017444404526860004   21                       356                      
WT17-B34-505             0.00017444404526860004   38                       356                      
WT17-B34-506             0.00017444404526860004   22                       356                      
WT17-B34-507             0.00017444404526860004   16                       356                      
WT17-B34-508             0.00017444404526860004   13                       356                      
WT17-B34-509             0.00017444404526860004   13                       356                      
WT22-B14-452             0.00017436512975408657   110                      106                      
WT24-B08-146             0.00017427609725253552   13                       159                      
WT23-B14-244             0.0001737438242801353    16                       49                       
WT02-B21-184             0.00017255551608384928   10                       67                       
WT23-B29-120             0.0001725039500184872    20                       68                       
WT12-B40-9               0.00017226142413243048   11                       208                      
WT12-B40-12              0.00017226142413243048   11                       208                      
WT13-B15-101             0.00017204984943137218   9                        106                      
WT07-B02-32              0.00017201527356084235   162                      165                      
WT23-B28-562             0.00017175827055756313   20                       68                       
WT27-B20-291             0.00017157639380070564   9                        36                       
WT02-B23-167             0.0001714072442190751    32                       34                       
WT12-B40-14              0.00017103459413824766   10                       208                      
WT12-B40-3               0.00016955866159768985   9                        208                      
WT01-B12-77              0.00016948846936507816   59                       70                       
WT27-B20-174             0.00016948441731487286   9                        107                      
WT07-B40-166             0.00016864800162401806   4                        75                       
WT07-B40-167             0.00016864800162401806   4                        75                       
WT07-B40-168             0.00016864800162401806   4                        75                       
WT13-B39-334             0.0001683643003513523    146                      145                      
WT13-B39-315             0.0001683397307577215    146                      145                      
WT12-B40-11              0.00016774918496610257   8                        208                      
WT13-B17-278             0.00016759054470636285   10                       219                      
WT18-B38-182             0.0001670746015423511    8                        81                       
WT11-B04-34              0.0001661736482820271    33                       36                       
WT13-B21-124             0.0001659490429481751    8                        65                       
WT07-B19-144             0.0001656366636233889    37                       38                       
WT14-B34-172             0.00016557203118321395   19                       43                       
WT12-B39-315             0.0001655383542292812    8                        97                       
WT10-B40-320             0.0001651958410738358    2                        29                       
WT12-B06-139             0.00016505486831279147   1                        19                       
WT02-B23-166             0.00016354869453180076   13                       85                       
WT27-B21-3               0.0001625237421944235    34                       35                       
WT25-B04-649             0.00016248193143409318   25                       218                      
WT25-B04-650             0.0001620549888393497    7                        217                      
WT25-B05-12              0.00016135152083932475   6                        217                      
WT25-B05-34              0.00016135152083932475   0                        217                      
WT27-B18-381             0.00016062755736079385   11                       90                       
WT08-B33-284             0.00016023260798121367   14                       166                      
WT08-B24-243             0.00016004210754286277   9                        72                       
WT23-B28-180             0.0001599655369948662    6                        45                       
WT06-B38-10              0.00015985229735647098   11                       50                       
WT13-B34-256             0.000159433232602774     21                       50                       
WT12-B40-10              0.00015887275091313384   14                       168                      
WT18-B18-177             0.0001587828672896984    25                       98                       
WT08-B07-159             0.00015868637302607843   11                       92                       
WT24-B11-274             0.00015817580513459854   196                      197                      
WT18-B39-137             0.0001575227992197815    43                       60                       
WT24-B18-182             0.0001574891958028828    3                        7                        
WT24-B08-147             0.00015629620479295215   11                       146                      
WT23-B30-89              0.00015610872777051623   367                      367                      
WT02-B16-103             0.00015585570067688467   1                        19                       
WT24-B11-54              0.00015569461124719707   8                        209                      
WT25-B13-371             0.00015520584370833408   1                        18                       
WT23-B32-191             0.0001550465345850475    17                       21                       
WT27-B04-169             0.00015499442342326326   54                       141                      
WT24-B40-140             0.00015499283079608282   8                        81                       
WT12-B40-241             0.00015489662393467423   0                        342                      
WT14-B02-403             0.00015429478276789003   32                       33                       
WT24-B17-197             0.00015422412732522757   0                        133                      
WT05-B11-312             0.00015418797376758913   36                       48                       
WT19-B37-2               0.0001536750493268524    100                      110                      
WT19-B36-96              0.00015353830397743344   9                        11                       
WT23-B31-215             0.00015332341204555905   3                        209                      
WT14-B15-37              0.00015331845304309257   10                       96                       
WT04-B27-721             0.0001533173648216652    27                       176                      
WT02-B16-123             0.00015286591382063805   3                        106                      
WT24-B11-231             0.00015284877401119525   7                        198                      
WT09-B34-124             0.00015281651567590474   4                        7                        
WT19-B37-1               0.00015266406469379985   56                       110                      
WT12-B40-17              0.00015204789084967546   8                        201                      
WT10-B36-90              0.00015194214875103058   2                        98                       
WT20-B39-186             0.0001511845687761831    33                       49                       
WT09-B28-83              0.0001510044552978137    24                       146                      
WT22-B09-181             0.00015069117247933748   9                        275                      
WT01-B06-32              0.0001505085633086249    9                        52                       
WT10-B35-237             0.00015013318777223905   14                       97                       
WT07-B40-97              0.00014964804469080658   46                       52                       
WT23-B29-123             0.00014947144822564622   12                       47                       
WT23-B28-576             0.00014894867290966477   12                       47                       
WT11-B15-220             0.00014835611014640948   41                       71                       
WT08-B23-282             0.00014811034984799835   30                       30                       
WT10-B38-105             0.00014773964263102996   15                       117                      
WT27-B38-271             0.0001476592030357846    5                        82                       
WT27-B38-272             0.0001476592030357846    10                       82                       
WT11-B02-151             0.00014754711145007114   28                       126                      
WT27-B38-274             0.00014735056983178712   5                        81                       
WT23-B36-273             0.00014623756492075098   2                        26                       
WT10-B38-108             0.00014618770099917623   11                       116                      
WT10-B38-109             0.00014618770099917623   5                        116                      
WT10-B38-110             0.00014618770099917623   5                        116                      
WT21-B35-163             0.00014610082302439427   141                      8                        
WT09-B34-220             0.0001460917113179845    4                        91                       
WT09-B34-229             0.0001460917113179845    3                        91                       
WT04-B22-262             0.00014563225391173287   62                       65                       
WT18-B31-223             0.0001455020516742389    29                       32                       
WT10-B16-675             0.00014542767161734618   1                        124                      
WT09-B33-104             0.00014537733575769647   57                       61                       
WT16-B27-185             0.00014529697826312456   0                        99                       
WT18-B14-70              0.00014499064071156153   37                       43                       
WT06-B31-160             0.0001447123345783082    39                       126                      
WT16-B26-139             0.00014404530460053922   29                       30                       
WT12-B24-140             0.00014372463505111214   26                       27                       
WT24-B01-154             0.00014351941921861316   15                       132                      
WT24-B01-155             0.00014351941921861316   14                       132                      
WT24-B01-156             0.00014351941921861316   8                        132                      
WT24-B08-157             0.00014345589711887483   10                       147                      
WT09-B33-103             0.00014327751901808782   58                       60                       
WT02-B03-142             0.00014292865635764888   1                        5                        
WT11-B16-268             0.0001429122353231246    18                       104                      
WT11-B16-269             0.0001429122353231246    13                       104                      
WT11-B16-270             0.0001429122353231246    11                       104                      
WT19-B37-223             0.0001427218460489034    10                       109                      
WT27-B19-473             0.000142293500098402     9                        63                       
WT14-B15-270             0.00014218369330646686   39                       37                       
WT09-B34-230             0.00014109654387400684   22                       90                       
WT04-B38-162             0.00014067982326106847   38                       78                       
WT12-B31-228             0.00014062034902258513   7                        114                      
WT12-B31-239             0.00014062034902258513   7                        114                      
WT12-B31-240             0.00014062034902258513   7                        114                      
WT12-B31-243             0.00014062034902258513   7                        114                      
WT24-B08-158             0.0001404690827512037    10                       138                      
WT12-B31-225             0.00014036418346573905   7                        113                      
WT12-B31-241             0.00014015071216836732   7                        112                      
WT27-B19-320             0.00014004903872430905   64                       143                      
WT12-B31-242             0.00013987753832455966   7                        111                      
WT13-B18-188             0.0001395811470120436    62                       177                      
WT20-B40-44              0.0001395060036751668    1                        17                       
WT10-B32-84              0.0001394723600396617    1                        55                       
WT22-B38-424             0.0001386669684351446    1                        76                       
WT10-B31-580             0.00013811081379177024   13                       101                      
WT10-B31-581             0.00013811081379177024   5                        101                      
WT10-B31-582             0.00013811081379177024   6                        101                      
WT13-B37-273             0.00013803361502137738   12                       65                       
WT27-B08-132             0.0001377432729179062    11                       95                       
WT27-B27-28              0.00013714298950379992   1                        45                       
WT07-B22-391             0.00013677132499050426   20                       29                       
WT22-B09-35              0.00013639032678773645   4                        25                       
WT22-B10-164             0.00013500146104630944   7                        273                      
WT25-B13-303             0.00013483105201566784   1                        28                       
WT16-B25-152             0.000134600455104394     8                        55                       
WT03-B21-27              0.00013434202684436253   12                       31                       
WT03-B17-89              0.000134282134046914     19                       55                       
WT21-B36-136             0.00013414571983925982   12                       176                      
WT08-B01-172             0.00013384732572452763   4                        74                       
WT25-B13-352             0.00013371297296483587   1                        29                       
WT25-B13-355             0.00013371297296483576   1                        29                       
WT07-B02-14              0.0001334935463622405    88                       96                       
WT04-B18-199             0.0001333444800319015    1                        5                        
WT25-B11-82              0.00013310239796713802   5                        110                      
WT25-B11-83              0.00013310239796713802   5                        110                      
WT25-B11-84              0.00013310239796713802   11                       110                      
WT25-B11-85              0.00013310239796713802   10                       110                      
WT25-B11-86              0.00013310239796713802   16                       110                      
WT21-B36-137             0.00013286489205502938   13                       175                      
WT21-B36-138             0.00013286489205502938   12                       175                      
WT21-B36-139             0.00013286489205502938   15                       175                      
WT21-B36-140             0.00013286489205502938   15                       175                      
WT21-B36-141             0.00013286489205502938   11                       175                      
WT21-B36-142             0.00013286489205502938   14                       175                      
WT21-B36-143             0.00013286489205502938   8                        175                      
WT08-B26-265             0.00013251874658806248   1                        32                       
WT04-B14-128             0.0001324192967100289    11                       35                       
WT18-B14-67              0.00013239922903233398   52                       49                       
WT14-B03-224             0.0001322075674147945    29                       30                       
WT08-B01-106             0.00013207372100313165   11                       61                       
WT22-B13-79              0.00013170874228420865   34                       272                      
WT27-B08-97              0.0001316746957598116    8                        93                       
WT13-B14-28              0.0001310126035889364    20                       38                       
WT24-B02-94              0.0001309629800501555    44                       43                       
WT13-B39-29              0.00013082843962579477   5                        45                       
WT07-B40-170             0.00013069100005711414   3                        71                       
WT14-B02-245             0.00013055770853118674   23                       38                       
WT09-B37-199             0.00013054697645001112   25                       41                       
WT10-B38-127             0.0001304910820340458    9                        114                      
WT25-B30-216             0.0001302722292596678    31                       30                       
WT02-B08-193             0.00013015971261415461   23                       50                       
WT25-B05-10              0.0001299052748201632    5                        77                       
